// This analog stimulus file is used to inject analog signals (e.g., volts, temperature) for a simulation.
// Units are as follows:
//          Time:                           nanoseconds [ns]
//          Voltage (All rails):     volts [V]
//          Temperature:             degrees C [C]. Please note that the temperature transfer function is in terms of Kelvin
//
// In this example the VCCAUX supply moves outside the 1.89V upper alarm limit at 67 us
// An alarm is generate when the VCCAUX channel is sampled and converted by the ADC

TIME VAUXP[0] VAUXN[0] VAUXP[1] VAUXN[1] VAUXP[2] VAUXN[2] VAUXP[3] VAUXN[3] VP VN VAUXP[8] VAUXN[8]
0	    0.15	0	0.05	0	0.05	0	0.05	0	0.15	0   0.05	0
25000	0.15	0	0.05	0	0.05	0	0.05	0	0.15	0   0.05	0
50000	0.15	0	0.05	0	0.05	0	0.05	0	0.15	0   0.05	0
75000	0.15	0	0.05	0	0.05	0	0.05	0	0.15	0   0.05	0
100000	0.15	0	0.05	0	0.05	0	0.05	0	0.15	0   0.05	0
125000	0.15	0	0.05	0	0.05	0	0.05	0	0.15	0   0.05	0
150000	0.15	0	0.05	0	0.05	0	0.05	0	0.15	0   0.05	0
175000	0.15	0	0.05	0	0.05	0	0.05	0	0.15	0   0.05	0
200000	0.05	0	0.15	0	0.05	0	0.05	0	0.15	0   0.05	0
225000	0.05	0	0.15	0	0.05	0	0.05	0	0.15	0   0.05	0
250000	0.05	0	0.15	0	0.05	0	0.05	0	0.15	0   0.05	0
275000	0.05	0	0.15	0	0.05	0	0.05	0	0.15	0   0.05	0
300000	0.05	0	0.15	0	0.05	0	0.05	0	0.15	0   0.05	0
325000	0.05	0	0.15	0	0.05	0	0.05	0	0.15	0   0.05	0
350000	0.05	0	0.15	0	0.05	0	0.05	0	0.15	0   0.05	0
375000	0.05	0	0.15	0	0.05	0	0.05	0	0.15	0   0.05	0
400000	0.05	0	0.05	0	0.15	0	0.05	0   0.05	0	0.15    0
425000	0.05	0	0.05	0	0.15	0	0.05	0   0.05	0	0.15    0
450000	0.05	0	0.05	0	0.15	0	0.05	0   0.05	0	0.15    0
475000	0.05	0	0.05	0	0.15	0	0.05	0   0.05	0	0.15    0
500000	0.05	0	0.05	0	0.15	0	0.05	0   0.05	0	0.15    0
525000	0.05	0	0.05	0	0.15	0	0.05	0   0.05	0	0.15    0
550000	0.05	0	0.05	0	0.15	0	0.05	0   0.05	0	0.15    0
575000	0.05	0	0.05	0	0.15	0	0.05	0   0.05	0	0.15    0
600000	0.05	0	0.05	0	0.05	0	0.15	0   0.05	0	0.15    0
625000	0.05	0	0.05	0	0.05	0	0.15	0   0.05	0	0.15    0
650000	0.05	0	0.05	0	0.05	0	0.15	0   0.05	0	0.15    0
675000	0.05	0	0.05	0	0.05	0	0.15	0   0.05	0	0.15    0
700000	0.05	0	0.05	0	0.05	0	0.15	0   0.05	0	0.15    0
725000	0.05	0	0.05	0	0.05	0	0.15	0   0.05	0	0.15    0
750000	0.05	0	0.05	0	0.05	0	0.15	0   0.05	0	0.15    0
775000	0.05	0	0.05	0	0.05	0	0.15	0   0.05	0	0.15    0
